2393994853
2772489810
847942193922711552
1387357278328659969
1080393096871927810
894999652155764736
2421326539
1315181321669341184
1263674798086828032
999884289989787648
1263942693912100866
1325223305658290176
1329105363455537152
1375510189869162497
1195941714860507137
843834576
22771278
630763870
398067712
1442044519898247172
401267868
864454956232736768
43665972
1004838647458246656
800326737703768064
1497069898144444418
798034514
1268007995373309952
1498939696948256769
1498492806
252870539
1360859364433788928
711479782421061632
18302008
2899264434
464424814
3304309997
1450751969455398913
1340078317412573184
53851918
1308708243783315459
402095814
51294454
990861381866946560
1317039818551906304
4449471926
1217659497415471104
279465715
1550604252
1728139321
1497136615122083840
1511901489744138240
1179259533241155584
1490317491943268356
382545687
759921684543451136
1498087112234921984
4317657395
367623976
2364014120
1140232750026252288
3296628140
1185058090221109248
951608427687522304
840746124545728512
1286530168715014144
1029976531408379905
18405963
1272477809982820358
493233194
1448403080215609347
1068993071419809792
1169942684078759936
4514688912
289724137
1330114816690819073
2913252200
1448080933
147909919
1158179611408252928
1455801675365564420
1964167339
527245144
710729581909544960
1188764658569637888
617404006
632861847
272123815
1189001403596828672
356179107
1363797381699960832
1255411833810432003
1169211958307909633
1500845630293426185
3031178165
1113217794739331072
185956092
1478286280886677510
1635001590
1221654510898036737
1156773708280692736
1434554330
1168852833518505984
1457170901871460355
1435921258114211842
491960101
355800901
871722998687965185
1006340706296782849
1480737926107439108
1001048922662494208
927028372626071552
1375089821698297856
1499025514211999753
22392445
1304718225658109953
704239424746303488
320841368
3433630067
937980964038352896
1432093928824590337
1165840727269466113
1353676194047086592
25270067
1235460855669485570
1304987730175119360
254517715
1456374451927461898
629934349
788809507
2818959318
1461488461
1452497500892327940
1375967873055645699
31407208
1257317495267975170
2749848653
1155756645479092224
803436441300676608
3154396574
1256128752657895424
1312726427452747777
190487082
123515675
1486895310194753537
1356897285007790080
467905401
227669543
1908071563
205472863
1381761508896477189
950700363102892034
986118596072845312
773410329330089984
704705941
806126973533552640
1468262058470920192
1044398358671036417
1241395681161408513
1428599285738659841
3145426549
833468688569241600
3187001852
198068097
1383797330822922240
22590497
1509920437391683588
710345577200922626
1265423261397061632
844822972648996865
139220032
298314782
3067489759
1006461723732131841
1500498773906452480
792145015543767040
1066395823385194496
998112382084759552
1160022845566570496
2376950916
287416456
1252100764010344448
951454034220613632
1228469387520176128
1405728477345554433
1323421750332280832
1436689417121386506
1150355332104744960
788880997
1504604002612551682
296739978
1010535226693447681
1442038680701399043
1168796389746200576
2320163012
77157941
904509563558273025
1318144734020382720
1238024116646449153
1447041478132334593
363761101
1425962112149426178
1268465139700731904
883262347220893697
1474737468591120391
179889234
1511635469947502594
1433434835427610625
725574642
1440460070
195953876
1387590857444839424
84937805
1506173986920857600
1427643387088412674
1463301787398533121
1494231826260697088
746732307491491840
624490645
2496083444
1503251317963182080
457344540
1032805565796311040
1143384160293097473
1099432056117878785
53452624
174168482
1399702565831409668
2777532764
17822771
1625132802
2247440586
1491636031606902784
1949097494
1092899561255751680
1293687997825769476
1652004198
785808602262941696
1041864095446618113
1440939217496915971
1497917417711816707
834201142062034944
2565016202
1403300196281249792
1052736754115985409
1511215409193951236
94737170
1247751025018040321
2596257074
2840249786
3669231686
1379457570553888772
138294089
49257808
1346345220
1069776624613154816
1361297922973855744
1258565022503981056
1259785728994742272
1111426249111543808
1830450199
1435139941458010118
957438885071437824
884458780657831936
996293582960013312
2465835804
1508735908153298946
1497572259912990721
1263759583618625541
1427515602298544131
19098924
1266660928734457857
3186108986
1165333004446601216
33865203
1417583311493369859
930109271823355905
795936438722314241
911695147733098496
1344286216276103180
827633127778574336
1458919592735096849
1197817759561736194
1032953244882853889
1488766111680458752
474634918
1253921271303204868
1296006126069149701
2277555896
1467989730981658627
1048896685328424960
13083622
1495690309992267779
1077703842148438016
2958285145
1033249057689415680
1690263769
1266491054
1479673798395785217
902781022927859713
114146680
193027620
1030582279817621504
1463474224249532416
573584605
1072414390815608832
1458703757588328449
1318768050762514432
881330227586056195
782727162
1139410328612007936
1251645220455772161
1228779643047534592
2598929052
709949075077120001
2999203465
922509728
243136854
874143068097626114
707114880285806593
949541628603072512
1589972059
262491661
1497712765359865860
1256064624929038338
710042607389290497
1132350637
3098355318
1212899791060865024
3504423372
2699309600
1437208298864795651
1411268873748320256
793534326461706240
1666267093
1955022384
27847423
822848254601756672
1479853532773683200
867877276825788416
1240750658111725569
4222436413
1021700601791504385
41533584
1366065273925632000
1155798082073743360
3458022018
1088006230436507648
1181859284377722882
1399690514975260677
1175403944836624385
724375185428602881
1286855334326280193
238980858
1438106914122964992
2323865516
1440254460903579653
81801799
1392602681080913920
2581934598
725079452217053184
184265207
4111057634
1485074482247380993
1440927156553486340
19309377
1257322602990718978
35183643
1218380090
1399663016057081864
2184587904
3877413253
364658501
267735372
1166516892560871424
949862858816307200
2799740578
1352151399962869761
1461825524678881280
1218170862555123712
999855287459897344
1629217819
712537400048762880
77191755
327215216
831418447691067392
1252815759157297152
28757384
589212918
3660328812
1440191469516513281
1341753876
1486931572926279681
1492966073301303296
1249127930543747072
76093978
1267750431242874880
4018052714
334725555
904373748970561536
1316642723139469313
1067906123221483520
401886986
1368764084540252165
856439529934213120
405952832
66973349
1493422299462402052
1087673233149575168
1468829042786799616
1056778031447007233
849122130
1462640051527974917
1496400505480056835
1361574425598992388
790837553498763264
1250262336713048080
822386684708802562
964958855351353345
750920346
1379694077315141632
1253066981223301123
1214366584635920384
1287901975
86438975
4544820434
3145768328
57633699
1163081818389635072
198260837
1456546145392603137
308053251
1385858644370067457
20651091
2173442486
1402159021730111488
2891265019
1493759620242116608
369744880
500462853
1272332836893163520
121414245
1236140516313464832
233812061
1106507021598117889
228568312
1879552008
1027977518
1490583591956643842
1102482593205772288
1242284883667382272
1481510368560177153
1288740506692759553
999132445575340032
1044904024921653248
1065376798093918209
1217329061116014592
754602901713063936
434563280
172265169
1370947826478321666
793792775296684032
210712596
1503208697723437056
424787751
4701813504
889516619629604864
223392509
1017780518065041408
782462464839397376
795899346101252096
248165111
753759070750998529
1243198037477847045
2957883840
3861023532
923818590435917824
741440444718944256
4887163601
1399608546
1404653706579042310
814817242269372416
2682138864
2464762273
44804098
1489576662081900544
417756518
1433207878278541314
76842602
734175906931974144
1142642081958989824
477538794
948463178
2281578295
1314039939810488320
1070126832916160512
1088742616236257280
1479849644955865093
1164159814752059393
1295775650192605184
861294632
975546936198447104
596206720
579824862
798026084730056704
1151678801882914816
1319613787024945152
1427402284187586587
1360529901959323650
1013621273090375680
884103176
749076440209977344
811674950499123200
3168419298
801121441718665216
902496682146914305
275960364
1316782904597385217
1674689138
2284875438
1267778666903203842
1243779490456592385
1289080923573477376
1507661065773285376
1363999972690075648
1259016928489701381
1119626021903331328
882439518648848384
1190870272133328896
1471526579918434304
884175670271660032
1228327605125795841
2929338277
168737478
2429286156
1292782601246146561
824426695755051008
943106027360157697
3230328522
798148669316837377
1411127017668448256
701245186127454208
478492390
1378933676935766016
158004859
431986293
1250227003195707392
1296680611784974337
1925310810
1174599187251396608
779237257471492096
1454430744839802884
160918146
1511863158649982980
254084569
1248789107729248256
1239017094018002947
1150013268267696129
1282983373028208642
241411526
1217906571797098496
1435247482603130885
1177022303000920064
1377255285090177024
1272810036486520832
3111855529
1457250118122442756
28082103
181868799
1341414246
16200352
706293096
3716643978
1354238864135606273
1145153262359728129
1169122008724058112
828546880124702722
557600446
983312572970500097
4732952108
1400996080272121857
746232182
543235470
1213073532801830914
55556003
827830917313945601
1131575427292696577
1282567222557159424
1582552242
1155699014601338881
1447057336179195904
1367342739881291780
1366268618
51716087
192467705
1116688233738280960
2335960544
1355617385005207552
133702110
2915967674
1398702006643003394
353741563
1357562238056292354
942301337328410624
1153805826043154433
1431818803604692993
1508728472830889986
1355272297938964480
1189229060439756801
246028258
1347651932043714562
742664480467918848
1057570472240406528
1363451361304584194
871448352
1315406701890162688
755598727314800640
585449610
833373171751333888
1296568623461355520
1270881523323949057
117632875
2257483754
999759202301038592
266525276
3310174854
552527854
1247371734363164673
1293378665896542208
2908153255
1168650928762830851
4467406415
1356217432881283073
1265998152
1291964703153872896
283875848
817162860
766855075872464896
1374478820057649157
1085265243389931520
905000459827519488
19820514
1422133251330560003
1031796683741360128
1431079479414124546
2689157498
944570898
2281351541
56693602
329350786
467804136
2289256530
1440352669
813959297637810176
2167704024
606642891
749403943613046784
1042163101058129920
1505007068478337024
1499620273037144064
1415854853008420868
3159981608
1335222290141868034
1243777271279710209
1292116888194097153
203708154
20742888
50043796
1409151245130948612
420249347
832812141631533056
31090661
1445660045853675522
1497898265018134528
1512642432319770624
997089805920911360
525812268
1912804717
925139046
1439277270749704192
4562829133
59632555
717202049285431296
1021778797039771648
140331333
117366900
619921568
1252189610282713089
959801063128707074
14348821
1197027595977510912
32183561
1439883355441414146
941197612446760961
2458721888
1542447360
71289086
1241010987609686017
246562133
259292695
913614497348173824
1302576943179603970
852466612166774784
1501418385821044739
21961243
1141579201708867584
1357990138089857025
936506385692377088
1067517938876452866
1179647426900021249
2602338998
1265549823752765440
15604095
1366373629701677056
2917602156
994470740245319680
1156172450964500480
907277755510919168
1239702476296601600
1796057425
1508007133811720195
1491616408324947970
1041585792416538624
1262353218756988929
524396878
1271218260533379072
2299478984
1435087845224554502
999043116249235456
806960388185137154
1464219222976909313
27827116
871991274508869632
702829651391983616
1427539546749632513
75998366
344852733
701385445465174016
1091066073863081986
871312993308377088
2355121819
1042763058
1348631134591209472
778015915455557636
181533998
1103928772875567106
1200002647572377600
1110853973164982272
893074983957651456
2166184283
1128089931308363778
3080965988
365591468
116226550
120357315
33828969
244001246
111353390
1497115642176360449
1049219247090499584
1440893716495880201
1427742514094563332
1312793131
1485039881248468992
2572860745
421948978
937669765665054721
1169924558205288448
305834762
1281635287194497024
448074186
25793187
20141878
63725344
1473774774702592000
891547629187874816
1320873086938279936
1062530280
1325667057677991938
4744178678
1385210487122513922
1403585489110585344
1128995865190813696
819595648286633984
906521548428738565
1073604724484657154
183061819
1734312380
1424543324480802816
1437676751082037252
31076291
194043203
971924091946000390
1462189081111134213
1485228286502662146
408192883
193099552
1081787412550901761
1506636881903353859
990609588
1477559197642330113
427911045
43310192
1246988511275704323
702834527102611456
1181435939001782272
520084498
1324658852533428235
4265187323
1321048040988237830
1386608885922820098
1276144851147526145
72487980
1512647576306130945
1240155422440525824
977379483974905856
98251142
1455980149854412808
1336247700296065027
2313234181
1300588414111109120
1272101556205178881
1449151676418506760
733159154043506688
1106485631096492032
1284754831287021570
1270907573688885248
4505216596
1219813214872993792
711947567949451264
1241613534724624389
818588469874176001
22869913
1232474068571394049
1478169192830439424
1363034167005483008
1016942492405489664
364158741
1409847474269741060
1474008712213790721
1257878321901137920
1258704848888795136
948943716
382015837
2679487640
872830359628632064
931365532632338432
137597317
2659633663
289962414
340624423
1399583509
937878325107634177
716022162
1402849909208797188
1496778377306738690
762940928365428736
3059831366
1216115364808904704
1465429126194417665
1465161186459013120
1852854716
2231749093
980007350
754992078682107904
912307837543444480
610964163
2476468375
1342156771670966274
1452196146802200576
53918657
1305471606680989696
92237555
729956745829699584
309733908
1363984876840448002
2230516777
1385599872359796743
427047093
942699572781969409
973106699442647040
924967953958707200
997745317394042881
81292791
930786569442562049
1162573830268698624
1368137908578779139
2736918458
174654344
17820762
1440394218694844525
467105799
1406134067704205315
269211791
1257277724118286342
1495997076957642753
95990727
535335896
919242002754969600
177113247
177857696
1391841170
1247006628773122048
1093701129215438848
1478937205523369986
1461970672217837573
324060522
83802935
892573948520665089
756691491582513152
1368198784941924357
1248466164172242944
1113768599913504770
1157790231954767872
1149966628878245888
1273261900709670914
1490760885492920320
476300200
1501510281742061569
1106507021598117889
1197520033523613696
538914882
1365109074979745794
1419992457895313409
6419022
1215806103331622912
998297418415333376
1349191534986424323
273802964
1882887312
16216734
869391025
779814741736730624
311877922
770709846437998593
1147430842026692609
915095906449362944
860537363365285888
2331285319
3247441015
1303598998448553987
1296062406096039936
162784360
1370585894491582465
113596466
1255092968337182722
2974230277
627005460
1293837794771496963
1496445607564951552
841901120
969828390306902022
29927945
1445220684301422597
2909474970
408245580
1335166869997826049
739276033854038020
112153625
229811940
243107505
1131503973356019713
1053494339429486592
1075993240405401600
25647080
841293237423886338
1311945688800874497
178257114
261134492
355454923
149756146
1427379318896791579
18764018
879673842020401152
1015926248797716487
1433927667644977157
3239375666
702262471
41000041
610751845
1410509939223658503
554311974
826834231
1326810972707680256
1244436258031452161
4008859036
21961243
1239220036524367872
1463008209929527297
1489556988245655552
1502993803447537664
521137842
1715730091
278999055
18597237
20222326
3002043308
1459644627829477376
815878415899246592
950083631011123200
768268502553604097
38370536
2479535845
419212663
2645323573
57923876
31779565
11685592
13800602
919322491281014784
1265525612200017921
1155598207474266112
1488455727228526592
1961778140
1451127328398974980
1480742971867729921
820431428835885059
1304227058524934146
1360541825266814978
1253950815707906048
3021518279
1404014278563274754
1425148277297614848
3221355073
872820074
1011931963802832897
81089806
346416730
458628257
4000968497
1401018679437893634
317577337
1488421852166852613
1454720991125331979
727931520
2455984435
925090657
27190625
1282363167750762496
824131327276515329
315630509
1065111317034360832
1184032259822612480
2998848474
917730664744546304
1221242240296615936
1689279589
3141099031
796498853641994240
1356817403980599296
1177415489963716611
28305463
914357689
1033223418408329217
1426134167910117384
3067375718
4315599694
1490954074962874369
1381722811949969409
1499765600641425416
1263983782832427008
2436124130
1163024237541511170
2264091824
1374766628
755279853641805824
1542323005
1488409519919353856
443418200
210228778
31699966
21588236
1503585559998246913
63653844
550996791
775268522
964245241887825920
910411346067386369
1309723221688594432
1185555597812363264
1501041931
2487204955
550832397
2928313861
183089151
1486237014064504834
1449780894508720139
1414868131932041218
139565967
1130945344454316032
1425626566805970951
116975334
1190106996667609088
1026049793527697408
1293308459799068672
1722377833
3118431524
2504624659
1565219120
1264603494230577152
439058357
3226018388
1104947163056893952
1426467197505789955
1107936088755064833
1299168401273704451
53091127
1344289626958278659
983698213
1178190776162873345
1487224808416813057
62255378
3560147893
4516171573
731236618577666048
268724816
218335872
1338205638413971472
749161854899920897
838192242959368192
1054137284
22564160
1503987278838104068
1251034502
939715161929105409
1354702284135952386
27596333
343311182
1504372703503204355
1423478425688317952
50588579
3315306025
14200367
724885512440451072
32797624
885076781983772674
911571035253760000
713337189564866561
14160065
1128764754
1130484865051140096
1239611336880820224
1438060793560539138
48930361
3351248722
217574722
1075358988009537538
600951471
1415110802965622784
87571991
974476920149622784
1498286365393309702
1185869081179590657
1480738238654418946
1253043005872836610
35432312
1872223814
19041792
755061840
1404217478041927686
1211829173460717569
1132588823085322241
1151372353051344897
1438573127965892608
1365005624942206980
1200601639532367872
1157911770318565376
1439478016480931842
306673996
871653810006917120
1325578895962247168
1450692377077698562
4034386613
750611043043377152
190897432
1493471762381606912
732143552847740928
41314479
1206222358651883520
1504992716484014083
1277845826824368128
65598399
791120709091266562
864692503559028737
2597790811
3262434444
1512729247818739716
830653790684450818
2723211250
1268550028240568321
1408017542
2602741532
1110641239
799245532682067968
983666118098219008
2846611814
1677814135
47178547
813906402116648960
612266259
1354424187952066564
966223757441290240
1338282518378770436
713842304
1384538772403113995
16306827
1032242537539555329
744166110816149504
1512914801185411079
1487257176880336896
1391479546323476485
897730275093958656
2207620081
1475688204174958594
234634464
592233855
854132624
887387352305250304
991838745702776832
1493387101341384705
4299047479
1503143614498496512
64376543
926767186575736835
86376177
1403867229368635393
926226461156978688
2788960386
82093699
93577036
880034429556580352
577027901
41893467
1653310710
962138666784010241
245614180
1344382284
332771711
1192014699644248064
50611810
347224263
1498903150077837313
325472951
1340226868570558464
917352640433889280
1340341362504429574
800669976503808001
943740900370391040
110412972
712389036
2224417806
1238440656462155776
435725887
966221432
1376806382616252417
1503766173342928897
1509637343560749058
395246683
2147934102
556719614
127504822
1511480706014220296
232133095
1197313217464168448
884330790099664901
757857176022978560
1348555118535352323
1064020389230194688
61245752
1444516694752251906
1388387897498243076
120805429
1476375250443153410
1367779971477901314
408368787
634526930
1203949912666173440
856911509170999296
1396616013794267138
51170105
1173859315557396482
1106693019586093056
906665403383820288
1284460000262238210
1510456456780578819
1267011153609121798
241975587
1476448148532781058
1439132276139298819
3975583159
1271422849639542785
1112030120477450240
183113673
1351129079790055425
1446595197945597956
856265882
1234343916607983618
1396439674739073025
1936905500
598372996
835982790667735046
1181188594561536000
577005313
1042315350186971137
890286678
485352600
1147420355264253952
1366890325818548227
1245246436431638528
420981661
379621042
863960302479564800
3219172368
3256445731
1434331244934823938
1203761252746448896
1042423494875607040
1472707773058060289
896358977813987328
436593591
1053535902348206081
66968560
219876394
1196292524920328192
1165971700330057728
23751701
1381467278126944257
742690606560870400
1287188419
2277709777
2920460580
911963513421168641
181904323
18662449
313808773
754455140631916548
1457170901871460355
117079882
1492089079957422082
1269963331
1106676440370683904
1489185767112908801
63476819
765451815282282497
1327638104526635009
875164898
3544419792
1338813738871181312
3193928150
2312684456
223782828
1065840445706530816
1372829695897522180
980745005395595264
136243939
1402692418550603776
138474337
811826520
1357067101010153472
2876799817
1498409521038778369
1133736711274393605
1462221719360335877
862151774
426390165
1434741961278189572
80355896
1459458829163196416
2573331648
1096982851201855488
1225914520083656704
1460342286089261057
523664519
1292242714700832768
1245729356229550084
873439990956441600
2194706492
440768984
1268406844969517056
1500375477189554177
774695819094134785
2981594310
1032891832844214272
26976870
1284490279806857216
1093404526936129536
554373309
161147128
739260818814967808
1047989970340700160
378872114
1492980796210094084
1006104285275254785
1369502993847095302
1028533144687767553
1432621080041062400
57560060
1428883182972145664
1511950118886715393
486664102
1327960969117634565
3221930702
1414258144260153348
1256943373492957185
270216660
2929560312
827436901778878464
175962919
1267063605750611968
1541790559
1224210620
908108403418980352
1489972029595865091
804572557
61753225
1103070004679913472
1925329314
1312275397
2748392034
109452988
2993994179
1078203450746236928
356861827
443181213
1319282520995721218
1045967197846327296
4735837764
1872188780
292296911
3291496414
800428694191816704
1108097903728300032
1498140452406833156
1356833536100229122
1351495998128832512
986552937970200576
24512969
1116811064115486721
1041264549943377920
1196434308707176450
1260918901
708942842639482881
1259905490076786688
1470203284568752130
1512386291979063296
1104340527808360448
1500436804121821186
1321740945084198923
327300479
83810635
1098139754569314304
349971971
1305118560025366529
3240419294
64812677
3116100200
1423338452200865795
416172446
21726625
1479645577029718019
935464929464868864
832158363001688064
1486539350951153664
1037251293436362752
548030657
761091964884221952
264618049
885913914352967680
4516981393
1349360670
1047053292587638786
879083810549186560
3604537274
3467896034
1422900361338048514
1374668031322886144
811515450030886912
489951731
1500242599994851329
827366663695659008
276476479
1355163797825220612
1263318133105819648
631714900
2814248108
929457141466857472
1494303085
183117301
2579622584
1494715673112506369
942146270
976923475
882005431295463424
1452600468
230446444
419209295
1420655066403328005
1501147368237973504
1213542888522403841
386773737
1350388577566265344
1411582740831424518
6369312
1399331998309568512
1184056572722348033
1260889926834376710
37399603
997823190
17982461
814627188175556608
1253867918
1506495203842007040
1241096835403399168
100162415
1139784929368166400
