1396733065
1444409648589590529
3714279612
2769947215
200786746
1926075181
1498708585077002240
321964127
1279947357098872832
1448920601121333253
1452902405041889281
125993860
1249707454914367490
49365776
187494416
186403514
20963571
554261564
1064111209501229056
1108550243853832192
26970061
1501408283982442497
32122599
1144523986983768065
611640988
9707492
1088668496798466048
2896466821
501327311
1421687393283842054
1886474232
1222360098082840581
1259818654356537346
1646191236
1366001330083401730
28573910
21177426
1076718255509626882
545899481
3316333982
1239711501243396096
2900057348
1016973744978292736
2213287698
200840270
990294603613040641
432969258
810640188
1417636279747891201
168472072
166067380
1345229027317932038
825568519374790656
1913692458
1064693203989721088
1400563568957739008
2856369403
439022506
1053494339429486592
1290515096
1295323975375917056
49975241
1439899717152874496
2298704174
1288825505118973952
188662017
1475359667761020929
26954481
3281508962
1223510399573581825
1302451523595587586
3245291012
1443378761538310144
1287431744
19637716
713920975461437440
1878672920
1213608436186767361
45356446
156586332
975220500
986547026157539329
1014638759806099456
1050357813434769410
3011866286
19330099
1240532101318864896
2415539425
1390595853669203968
1221242240296615936
145874982
1058225525540319240
1246205034288668672
734703554
1267042175704944640
1205268243977363456
2302360938
1221352782889832448
1460898184633335811
1239099053360549888
1336196445779554305
95793662
1172774382940221440
539539759
1427807262484033542
513297976
87065931
3258578436
1478131455117041664
2906475841
907014175569846272
850846226513674240
3314879688
1048495572351500288
3060775982
1136487068119388160
19062237
2816984354
916893636893143041
728387960865841152
715456638719623169
1213380928644366337
2304549404
1061578846380544000
1469068973597552645
167336173
1088056733916835840
1351005647526092801
3240753078
1291283510674591744
830525578008678400
1361116610765881344
2990955633
1501672027660242945
4693323433
227885567
1098133884556894208
25208208
1094881189087723520
4541557879
2908699057
956401570266034176
1532543592
1355840764966699010
373364349
27404301
1376069489003917315
3215215911
292852219
500451524
1303688280060432385
1213589637630812160
1245607145627734025
1427932949677174787
1311673574885744641
1482148762793684993
498800187
3453987132
50881331
290955046
46601101
1038890575716442112
1098791626594381824
1441537941105360901
621917220
246191456
952417818
246099265
2575925628
1449238874518024198
1503623405089988610
990179384161067008
1278564939603382272
956091442983706630
1500265708663746564
2470501040
3233128094
29532639
1293143367312740352
274447445
46309853
1278943239920185344
192404186
393926511
376709128
1493080265446821890
2230691276
56035905
20390744
1199548268
2173118832
1128650798919864321
1111572100836278273
2148305090
1152887473
589990524
3105789169
446705340
731276241160916992
257840469
165428841
2436771967
2898689976
1124884567981084672
1480125025264955395
3615496759
1425771630484066311
1362276307875155968
1032399770
1117656673844203520
47285666
1476022477662797827
60779696
967439072
1018434258
1453330620134801409
36821966
238412677
1420718382
1267993777806794753
116889724
33551800
1206897577892831232
956451157
870008125537046529
1364504358419722243
1440322815056482304
775264257659146240
1159292591147372544
1642375644
303327923
1109035255942381568
1435139941458010118
26736047
184269543
1318333892265324545
1319760704212066305
715971373
1081708803182100480
575326769
2922525462
2737985978
1084823923047292929
488177648
1399445216
324829234
1162871999372283906
1207715093980430336
3061265356
777630220652195840
40814218
2300671369
1227895642363592704
1129729001063247872
1100895785070161921
59364702
1321783043506384896
1302568663921246208
3604216152
3141099031
767064187
1147095428
1476452231952044033
1457170901871460355
285507577
98970415
1491405786248929282
1069671377865662464
1512276768106766338
2351762084
361713470
270023541
1359469409400590343
1362891420470714371
1294419186710540288
729181182877794305
1314016039726850048
1475424818526752770
1296441366155636737
1383412188409339906
2585407297
1312221439865438208
706452808283738112
59974401
1499669792508497923
1115559083388489728
493797249
1479526168738992128
519943460
1422161613608558593
1022231888
229977883
2390017730
452744317
227297783
997665979973877760
1131364733762695170
1250606928301981697
2963058187
3413456604
1242386197285965825
963347829631500290
3192783246
1349639754145415168
1231879610385649664
261489351
1442412564130844675
318675282
816545647482392576
797016209925480448
27414286
827016342012252160
1396729544
2880510154
1077462329674031104
2298700064
1397355318682685443
1314860536748601344
3099277759
1472137091614064643
32848641
78247803
755529853139419137
1070409188
1465632334397407232
2994087157
1276876158777176065
3907525004
310596914
452457931
1339325919870078976
24126009
762975072
1510474459097882627
906120522739597312
3234592470
1646859030
1653937308
1293535462506680321
1440290654299451396
2927136498
1415633572904402945
578755683
1486920558269050880
1131553005881384961
1353514828728426498
905981382953811968
1238731992704765952
1106483531625037826
1135482849551835138
864159301
1468498864919703552
1304193647575855105
354177853
973187429556396032
3150679615
303115842
2854156316
609612785
1138027136277569536
323697824
40213689
1368646879894904837
1481033090349027329
1492246308521799681
1428109700877352960
1180076234580971520
744125978453020672
1479298118663368704
700538547615322113
1339799119309619200
418619653
1357249890422714368
4851820997
1241929070327152640
593207689
2210478049
33196729
1441690275886161922
231241032
860368165
2892638719
496708362
510077057
566123772
859582460
1502767918601601024
531094076
239927614
1341742067404324864
1223887119870914560
1162647978064039936
870965575
1383189589100093442
227283698
1197779975622950912
113950492
277933104
1302105471751315456
206114322
838749281729167362
1015873411111763968
1220479515333287936
803840169015181313
847941638420783104
296716853
1240584099057651712
319364868
568158319
1428658377966592000
167932708
767162953
944515003
1501125335869702144
773224072503111680
1106851138844803072
395154681
2158550592
1564402255
2836093855
1507896274997383171
1285362564210192384
585035330
1602436837
1176411995874054145
7496052
1508422699252535298
406858274
337692952
726608664170123264
1094048100564365312
588887522
636112548
823403202125008896
14104776
898684858934861824
3257598192
1153644924962660353
64725904
774504899857948672
16325842
489995345
1185723030456029184
996782298
1316624028476428289
19320933
95324306
1482726635451613188
391714904
2471963563
566862323
967268261694881792
1461339540891652100
1278665539905191937
1319132383040344066
1479003231749492737
499694976
1242211027040612352
1467210372247523328
780581011742523392
914249614848548864
1433986896053432320
779264972907917312
2371746176
1450016750309810179
45097639
1345889244
284233057
221216941
400559917
819465738310139904
880732760112939009
1210888791570796544
1402674330425696257
1309990446626562048
1384286245832978435
406699838
69846448
259619589
1083218181081059328
1325315273818136578
2314340323
328203212
1089447870862774272
28992147
921409542168047616
1467301617208676352
245757057
48946651
1112891029
554322909
879998813359951873
2388855546
270693385
104747911
1022787831322660864
850710096032092160
1214097865032601601
505557012
1224857708831985665
753354784459980800
721445478
279989173
827043384518856707
1406892875233693699
1435016953567989762
1224255022906540033
1140163756267192321
1097314198504103936
1343379284535078914
269188684
1274262015863779332
525664066
31741793
1173907776
1691931
582414351
334288113
825333127174295553
353050913
1430872778379386884
1362322526118969346
4184992714
1635001590
1328197766
1258208443158036481
1426408705294094337
204714448
1463802686499811333
22862219
1635012150
1463347318443298817
755903325497798657
17385534
2314967390
1524223380
928158268605718528
2899693052
1265854957
843828249482293248
22760065
2462458891
3244208557
15228693
308351969
489279257
1397048119
360528487
1044323706
2718584228
820136369779404800
1419550368497766402
431469458
1506965544528150534
474538673
1208160128060379136
191998848
1045797768407609346
1471790379926114304
802342579417149441
1504774800559861767
1379323607965265926
818024764186836992
2332818674
22342471
1366616575042674689
1484227753
297295417
3699087979
190167575
1326115603292188673
2578821972
1300204751481495552
1436108302723674131
19367215
1460501311430950913
1895309856
1032824209506881536
1180450540783718400
1175898739157827584
770079594301034496
2777873348
1423103488532258820
107608827
940685227
1315540212156571648
1936676089
3576180733
1366343676583026688
1113282338388008960
1486951336302510081
2594132678
306616453
14329545
935741665
1049168383684435974
1486868612803485702
1217968805801971712
261004157
1323954281796399106
3036104623
1032625461317132289
734712782541594624
1364099671
3315883225
343255610
1085368845294919685
1976781236
3245109252
1131096090864889856
1446961053129076737
1287706999
1498043581918892033
347157375
1283278993
388822001
4837928815
1460149969147465736
2271191598
1338780306950606848
1448448437297422338
2922472230
1362934442243678209
1362380193533284356
218339504
1373116394649182208
1061432839
3009152514
544111242
537180987
742402531037450240
739737517772017664
541361268
865719298865504256
1394129848310763520
573639858
1428172798606802948
849934202543915009
174885874
358692837
2491206498
248247647
2275653739
349809402
2766006535
122931086
4758343489
165731752
18133613
3008678118
243980515
1274473860910346240
1202019088890920960
1362887164615299075
1075677131236130816
724742880
586459580
2338182506
1054301759995174912
1242428737557159941
1503925343434215425
703846376
230981015
1080962159297716225
17335098
1163581174200930306
1213734725799407617
137603608
86281719
2858559247
22361922
352711519
2164534068
1430017408509513764
1909427592
33999853
633762424
490494707
1117244238247280640
1461935803962040323
35710323
1333253148027174918
20483617
869156158979817472
1393158171032645632
1177205795043213313
2374611056
1402095344222019586
116133599
2177824495
1634835042
1317515879106580480
1192683773793452032
2351079404
1950356234
567849994
217343802
2570066533
972329266544168961
1216558419705905152
1102819899552886784
738523037352366080
296596317
134101219
30631998
1207991339121430528
1038544069465522176
1377785226185699334
1483752474184151040
110584746
25478780
181926296
1176421474099286016
1476671703652581390
199999576
973445110133174273
1343410921314504705
227258008
1444990107203801093
1153682741780598785
1244915242783485956
1152437672083722241
974829281166553088
1415052128939233280
1414411932958822405
551562087
2434849470
1428835962864365569
1323043381816172544
25973389
457834546
2933963888
970853350303350786
860974315
1157517674
1382912376597479427
1495334507222020099
41317204
87182139
816873520084852736
1206184716329615360
1494120840207560706
546454248
15976760
25800520
1153827646884597761
1128628503761412096
35600692
2577783510
3533531174
1018436240863997952
237992857
701638848464289793
387979601
43453751
292617549
1323717825802821632
1159682513947652096
1362293222345564163
878451567581462528
1114740803304185857
1455345919734419457
1181215198201298945
1399249890815873025
1236109798891851776
1435109355355926530
548182633
814783710708932609
3245110632
745124575487221769
459976309
1092513987919470592
1499539592097431554
132664369
756930637
1426372381195472899
1146069272973594625
1238370241169616897
25227822
1432593916931424256
240239247
274917441
4751513774
887645726439649282
2713999698
317666242
3795157092
1470294994762166272
1721130294
2360252316
373338732
2497816482
1032576101850079233
1240719617237987328
1141904481862348800
94743372
2320489682
2437665354
1370703820125208579
1356355796
1942871084
3009056160
895269797285437441
566720534
1240168074981945344
20579041
930759524855582721
1493390885916409856
1650288428
488324986
1419814010057216000
25723601
24172612
86812935
811049083091570688
982538772540567552
1146036633591922690
894526993160519681
854676188161126402
1441038122188300291
1243843989167468544
23248381
1247149048714260480
1263674798086828032
118999748
1084007525366677506
392567874
187737204
175416079
998405464835608578
739065149273690114
607070197
1078938725608960000
21334815
702117572
2565068767
737548131932344320
839510677
893246583621304320
119312635
3094883564
4314743182
55737360
1256741486651043840
1266442936717242368
1014159632
763498590
5774252
238454391
1263055539514363909
872979422105673729
299518516
866835150679625730
1496744315653361667
249361098
1404510277
1331831609750822920
1466768258
486017439
134712362
310240446
1430068335132102666
431184443
1249642362361368576
1162549123943297031
728554364676112387
1264093318134280192
1476996502874693632
1136824899392102400
703097431286611968
1224288041990098944
398477344
1203412076
1496778377306738690
3436359134
1440578411974455298
4753792729
2413993117
431241434
80562980
24666580
377959301
229377931
1355821387819016194
1315973275512528899
44093312
2943481663
1325277510209187840
1342046550835400704
38841413
238861315
219412606
1362307075288616961
279775332
1768925250
745124832480661505
1189053670727417856
109720022
1003856263233482757
1386803540
1278483174964686849
577905511
1379037675873730565
1087280314165018624
2917459608
1034995849237946368
448596463
3246556494
1161979389950582784
1450845300
13126372
1288216354625949697
1200719088344940544
251539002
1703767272
407429500
85790946
15721527
1129524870390267904
940823172
171921082
1491490902
2823752984
1212167752569327616
1237669553255006209
2519324088
14968443
1177467854485983232
305907025
411649334
1089456529206521856
784287147528368128
72507937
330178258
1476486352292044805
1073886560884547584
227222657
3302198653
1456550630
1591802046
1286980884
731812025676881920
954591727339237376
1103847726490431488
1459195810420121604
1457295334263050241
2968981771
1189664848319148033
1489921394893025282
849098629
370530122
1116169971422257153
1875425748
336371549
28019155
825145874
1240457108
2713146932
2662141802
220260855
1196658783587426304
2804322978
35991235
842527656029569024
240110408
1436581044640043008
4534461314
783884615081529348
1214090350781853696
425431365
789611957422665732
194475821
475646843
1468816575905943554
1326437888
1342774831
300821249
3003162163
1699185475
1208351065340403712
526125131
2638718030
832146683152658432
1412634190751797248
2235885901
1345586701696081920
1097732264597700608
101642588
339327422
289273038
1380429565529493504
117619179
969424176
2653204453
4787505352
254809364
22446330
2382731677
774755370535313408
1342816165945458689
179907344
1491344223261851648
1244837362154131456
1488547691005198337
1213620579103694848
2492411154
3257418168
374384096
22142940
1375304527532859397
254011143
80962128
1379457570553888772
187051642
1285605138
1242609872782233600
1278688958545752064
1229589180310642689
1367051385779331076
1407184489877442569
1428993391983960076
1489012795576180736
1227798589788704768
826007747837595650
2222616552
1023374510
1240147870105456646
4899358112
4919154620
4299704712
26956878
803465759703715840
1381167036064178179
17867050
1482974895835578369
1323938396
353910122
1488359828301168644
1380518792
795583057709281280
231070064
960143858024595456
760642626735353856
1421279015206195201
1364827507967492096
8961712
1274092769426849793
1325701391696896000
1497515400753737728
82241907
254280478
26162899
4873553064
918796870369009665
1509494706115584002
1062508416583618560
1536291613
1464344756
1101810187290071040
1082941059833819136
342749902
8616232
1498528645501321217
364171757
197340409
188101792
24855942
800672351016734720
974848949340131328
921082398921674754
393326028
4920220572
1493167710741557249
65484074
53604668
1083323687632158721
361138993
744883748559151106
35639935
222413233
1243777256415059968
139892855
1240203074813091840
824384423441297408
1242684468055306241
2363380609
33412979
2507342209
897283020
27978000
1907507761
171782130
999974432
3074612300
29359951
1088326291307192320
1098223932534976517
2996785825
1393076330
573177117
1483721635530444801
290833598
1011165644
1393251692
1493454978874486785
1445131951434727428
1265752476
1404811380943900684
495109694
79066078
1239668233499623424
28943481
341369765
1314346745086709760
980011348112240641
306600363
16879928
827142108419026944
156133685
1213674089702780928
1098490463898619904
1060462908113530880
1242397494056603648
1136543943519113216
1427387278045810706
1477375810940006400
1502443774928375812
3013091173
1117729677156605953
505104646
1208932047957266432
1427381963761983492
1054300941397090305
762154719066279938
1499511147439214593
1496775553265049600
3277827936
1382649449718026247
33155538
30149872
38062794
1490561135799865347
4740928092
724565296774676482
2855394572
2578033634
2855187948
3918521178
1360463810180444162
961232431335456771
134460346
1263037286045761536
1167150751426043904
35967636
50151814
86492671
1132566308
1381550161231405056
3250668205
63278996
1443439421160787971
79103479
1415817115081138177
1363756108268011522
546043993
20655510
701671674056298496
1362875163818139653
1672375038
1361279268
1239306241932812288
148708849
359875486
840416124051181570
3013032198
69192292
1004545614
60483735
789464425916866561
1355070351315591171
1286432251169792000
730173879671357440
999881144215597057
85545604
277756879
774879039353868288
1221232087480430592
242679847
371128121
945095677
1222442096587505664
401953775
23750878
1489088529724735489
2984979661
1362978834690187265
268012483
1470112774470520834
2566807038
1269454047687225344
27428723
1388700709286158336
16218417
1463630349787828224
1155356522
1977352386
916206666
463664017
16800862
1463263787134291970
2842358426
149112494
216507928
1479924481132924928
814337025742696448
2960457716
3009936972
3270835778
1329695276760588288
1449605667350724610
515143362
3328351388
370605641
1029329879727140865
890256018231480320
849820813410713600
1487565786826756097
1457201792530345985
830170603
1305221893901877249
77198752
2311494026
1045218155126091777
1452443598637580288
1075637524243058689
395054458
1216876678841896960
953859127041712128
3037498189
3269747960
1411292656764788736
3006108619
25973163
1199543131823173638
1152482935410315267
810783126
1339527650583310336
1498586693854953472
23728507
1240592486608687104
623732328
1026176557
1195120111922728960
35702928
1231899747692109824
1929224778
2921282954
1421491242
328874914
264498949
135094563
1385341646959636485
209008159
1165795769175031809
160526456
455269365
2580041610
1196355908416106496
2357792587
1496776055532974080
3309727802
595238536
977396978014302208
726979282036207616
21369142
1210672964611362816
1367046675450064900
2931962202
1140197176938622976
385916533
798396798855417856
1240444847183388672
945908160576995328
1356893874392764418
230563844
903006319128453120
371132217
796627890528022528
33860188
1974472332
23733595
1369225110146588672
1438450454447329293
797949132035887105
968018341016170496
90595976
1362368449528229889
2584841528
1483051186068459520
458302799
1283304805029392384
829659008499716097
414726712
1179993318857400322
1474614540016893952
220935828
1366078821770821634
1642193124
1219372342071021569
1185199761227304960
65279643
1243022499001991168
1059636134446170113
1353951913650266113
2849412290
3588208752
1058639745398390784
378515239
1547908580
1427958446670848003
1340519132421259264
1292726927665504256
1186972149367468032
1257149388612177920
1298128874841100293
1123740954
14723900
1966517990
1366545172964642820
18550985
1425102974
1075556221
1474170296596721686
1469801609139916804
1180229675815038977
928555291
1181045418072793091
286009047
1189030416
43617830
1130051888752185344
18092263
18210569
916502976
716834893540364288
2265105266
1360873978454106113
79444655
2299328359
1129519749908447233
4900142554
321248858
33743580
928574914038185984
2431439485
551654142
2456550114
137954229
1463437792449421317
3559294093
221684935
1093948736
2908864417
2906662057
1331496728764182529
1834681304
3097124281
1071191301754773504
1137242166936317952
1246992612214460417
4243089614
140315951
1447724911863091202
18597266
40189032
128333734
358020778
115221502
1447110300524679174
1221727449580367873
270273246
44513094
246086080
743384714
1420656404470272001
3115978849
1645345628
1163833417391153152
16344352
1237375292055797760
912235003
3301911636
25795187
56389160
3075752262
342650167
313001226
169670184
479989980
1193624469236928512
438204312
3147785935
606094979
1473445598095282179
2554033316
1438736046942928897
1318015800
1127085583
2919323443
59734777
2575925635
1456178367380615171
1275239012911861760
1263759583618625541
1207928543713226752
1194802881506922496
1083234910775562240
35103387
799617770
3274519256
1054335120205725697
4240518074
1120507881705443328
1170961417505140736
1123478871955976194
1109877158954950656
753831368652492801
788532504626012160
400013891
1319131245188530176
9287962
2954997608
574239404
1402073026561122306
712322838
1335830538209251328
341406221
1476555037
872118809963790337
141505039
1492738283473760256
724102657179176960
303170791
196646999
433678820
1132207173935591424
1128998944275517440
17363170
1960020920
944805210
1447008932745007106
1367342739881291780
1212560564225900544
3109313004
2373051217
2658813265
978440445859577856
1277390226
1009097065329188865
55463447
25973938
34463623
1279605491270733824
2971068380
78507836
1100056406
1486256430282067969
2711434158
574538815
1297871325919289344
1176063939257356288
1487997119059623936
947671356623040512
1310753201793069058
802459369283538944
633918211
1478377318351609857
264097667
830032524625666049
713313579416457216
79723900
1469005652
2913608946
451070824
1371593989795684354
194834151
838779194
3620549294
192885683
58472436
1392269889713238020
589575453
318783663
1151777753680580608
133650773
1206747285356310528
141858228
21834674
20665873
20327063
1267101121018859525
1267805273005015042
502440283
1459101433609916419
1477848177185157120
1326482429389860864
587093983
1287882274210340867
1428558257333825542
4288052125
1470933137211346946
3256102621
3604953853
27204289
1271352852758183936
1071988459722567680
717674743885729792
1208295560362385409
25405312
260111714
1444178684147949570
1218061736835575808
22361145
1272097696875069441
182701969
2955335852
97307535
362470835
1123390365103296514
797426652
751505753102356480
145148972
696457983861993472
543396219
810123144
23356148
1410236365
1451321736
1240020350584287232
3285991182
1309124100133191690
973821974983118848
140336210
861112765057875969
379110024
1320163415248175105
39015932
1486498230338613249
611414150
766136186268160000
2269851793
1677921235
96475894
1066818604572626944
1408042453660180485
1005248964
1170597091090944000
921953422231814145
1304917197081387008
1329175082627829760
1269240871418884097
1518502555
1348555118535352323
922678836
17676230
1097819869649735681
1373512539695316995
949120668339077120
965767890
920932650449190912
1467414086858141702
3249153066
1375637492922130432
1313427555374886912
882391905710915584
1099976942403473409
1147389301
579756763
190045749
332209138
974418677515796480
1882534884
122024664
170918991
1282270595489492997
486500380
2183735030
1479670371657805826
850138671164477444
1212627166350823424
185486666
264962483
1495448997502218242
1271239851673653248
1358409555432984576
1067359718547419137
368287344
2412612518
539949103
1153462651889971206
89620581
25661191
1204156190952869888
735615532158701568
292797326
23690062
1131864561114468352
885142126224302083
1119842007667503104
1212095539572985856
241836756
1145864605
1186053479141240832
1476157311328522241
130868225
582082036
549179293
1362217785758076930
1473235939061161988
1476185088148656128
1268425172593213442
2422230559
1091189049946042368
2179572695
743005650976792576
1465157496192978946
366914790
1240472271409401862
811033210054262784
1087955177464909824
181407598
1324193586619932674
1270153850112991233
861560326747070465
1087510740271939584
739604828683304960
1427190720268361729
1025933265952157697
727071226414276608
964693451857051649
1029196430987091968
288702257
1277454985035255809
757966987247099904
488834506
346373863
17698525
854859074659274752
883836557869711360
14756140
25482600
1141913167
21454197
1044752216
3006056251
419109480
1479632508643786752
757506181719961600
1356363057765576705
924391206146097152
1120653221129678848
1319766792458256384
1333195555
28520015
1526881610
1465172411460952071
1701051253
1277485179167072257
1258318192994160641
130470339
1213643781825646593
22084373
1143287084318203904
35645190
724475525851287552
371322638
2916339888
4856718876
1515775268
953248878387593216
1272422237681770498
1422347882141687818
820859607836831747
125253839
1038826646
55480046
2943908316
1019040300537339907
4844958073
56661545
815566973031460864
1426545142429753347
1108565574
133955593
785343094627573760
260995753
461600487
546423925
1427804370515623936
24126521
871240626116804611
30342972
239434661
31688219
4767543901
1329499243124457472
1348820398129876993
1330298118840217608
25485737
963704680944578560
1005697853170188288
3095548100
359781722
1130013205349015552
1157843292400189440
712380488783142914
858132934879961089
1495459180336988161
496442494
579759483
273378416
1489468861309386755
307849368
881844729041661953
23294738
1977361098
26945077
1438464747079274496
1223488015600734214
206092286
561549614
1306123686
836429057776459776
1435922353200918528
1473439184979251200
1968305498
748481971
814056392717832192
468218407
3254391618
1510220069997256710
2181351672
1132790773
1495194107110899712
1494157153778925572
1138559862567243781
1322768477547974656
1547631920
2888568451
1931674032
758451590
1320528726405206016
1091155790818209794
221161723
855280331687055360
3180248647
1248454334481715200
1150933396203245569
1207616622229442561
1178190776162873345
227124578
890334322565062656
2357791099
394248738
1371611718674042883
867675875046604800
60752071
1130291282
1467625196915871747
3039145208
821074685953769472
948503715937361920
1199071612319854592
3144740240
2249888743
1223885558805483521
34550789
1003136061294329857
1347789791513903106
900736927
476648736
1454637729602420741
1272306793440370689
2241425850
216885811
566020737
1506799747277148160
860436398502891520
1127185820
1311183254624464896
1056666091605245952
3410365513
1214063798153170945
2777482184
1499969191859740672
988166166
589012602
1228833779579375622
825202337538924544
3140149765
1393740432262057985
331950290
1341136389992148992
1448776228538777609
2799715321
1211113800
1184147427688763392
1491150417161449472
479124929
1111937806505377793
434528272
1343351860342616064
1160816859865686018
1405446265995816960
1363315879174266880
73337521
1183996907451899904
460723347
277430585
1519282452
1109178833419161600
1274997675402788864
946587224610500608
28137666
728032183118528512
206135530
1275072763053498369
1629765614
1210377416427728896
941268201337372672
1506222104085413891
881334330
844290679
270743008
867364572
4802051029
1505300226143580160
1362326749292322816
1483562851562569729
11976752
34253693
42433319
1499517093146169345
604972603
56032091
1504585504582299651
1306434955707183105
1041878308646862848
2467327723
1313951745395970048
1410553439604543494
1952800656
1103568376092413952
954980742
2658974065
1317675775
1401141731031093250
1498410856643989505
4757029592
2542554024
2943690500
1098462321419051013
525869471
3008361326
891531101214187520
785278643555569664
1268075370332348416
1205779110242308096
2198699863
798447187852046337
806316382275047424
3767945604
1446310767544856578
1437922703432773635
1460492836986519559
41784138
316973474
1362185375171551232
1265759756817293312
713492699601510401
801307887570132992
1136758813313314817
1025980134585581568
203796708
26412552
857002101813035009
69868155
34482946
292197314
457495055
1441538241358811136
101982909
1072010505189974016
774190728620576770
411105924
744021680
1250390073981292544
1508170482239311873
729311533860163585
1432645181644304387
1490782775582273536
611598902
368866165
1489031428335497218
1346010039262142464
48992219
1213345777361117184
1221027217
1414007288
2443779228
1499648188051226626
1016943828052336640
556461139
817864750159708161
1065013326411747334
167758383
1247824885054767104
381851179
1122714513353035776
1412695119367602178
74964011
1348888245875089409
2266925107
1373406861177712644
986893882184024064
1535936910
1256508995210080256
1291686845990858752
253910008
301130320
721531688975663104
1037973986070560768
87050404
300134044
4415404400
252976488
1488990486849155073
1091440846635859969
1221698391140225025
796321808131637248
86814251
2844639860
932173624756264961
1661565902
466121810
1352587489542692867
1112966736582602752
149419179
1078482508566548480
2352858079
1493691648940732418
4065213392
1234067901394518016
412821488
16496308
1034812094
1253923081824817152
1081820282384375808
1839133674
58703457
1428977991900569603
846622410753290240
372739525
33886992
987152754303844352
737751360
1474136523641552896
983932176163983361
569023390
214442447
26488920
153007429
943423729
7045272
1130042775200645120
111431416
20235329
1213446779535937542
2725069146
511572815
631163382
1087142130391310336
781933981
793654387
735373590879731713
1349523281854881793
1383581352478449671
2340972169
61745430
181404707
1693115432
739323173158588416
38105720
1209738054136500225
310684179
2686455577
557366938
17590689
1371555280513691652
9555332
22577564
1357279927519748105
939439405533577217
295509655
785375839965683712
1269107866599698432
931515695736668161
1381293488
834230421646766080
1500816412331315202
1425242845586227202
1208113032334700544
243509677
230141211
1215879862533025792
1213583452529819648
803922013
1104986744267522049
856748509579534336
2900038543
499686967
505056752
68008316
17939958
1375696142
1227130426965102597
96883468
1195881222787874816
814697907949449216
1024952148075761669
56022572
44586005
1344952102406090753
1579963026
438215137
1356897285007790080
2413440152
1408220728558690304
3064135603
611448777
1494713604964503553
487290513
3078816979
1067671442148352000
2835393042
1158972022979883008
1494269405240254494
1289746621140353029
2929357525
1312914725290663936
781322576807260160
1466700762549866498
497349753
742527550337867777
919338077818052608
1560075798
733939141
1493441046
1320146040708681728
903819696746532864
2706534348
1497963603881652226
1132514293688152065
1254288689665990656
1489129667487404035
213608711
2478016674
206697866
22599303
1338741801990025216
1459206511
1484389512
1382981800847319045
64370971
838491314
1362242546739544064
1466917406
377779477
4519456760
1477809182317301763
3013788612
2444761405
554974846
2962008138
1395662510930350081
601658144
721686629434281984
54400070
1408671475800756229
1070454059226685440
1174178634225070080
332687603
245806673
21713758
39724359
3225695330
730619960855138304
2334347202
1434267572619202561
975578494674485248
26158645
1194013244286914560
1134787764904288256
1307458112408883200
27399049
963216634818129922
806174251
1454775495405432851
771083334
1482351129589841924
825270279148482560
1393759838350372867
224175960
1317667540500320256
1239324471275573248
1320838810003894274
1256576774915321857
179062372
1070625079094988800
2197195273
90056995
1310044000695410688
177770799
37871411
438093543
828524372985946112
464282985
1093680509010374656
143632817
1433670317721882626
975546936198447104
3426415332
24341871
1221265375
762260111838420993
3256875637
204992578
1502868152442490882
1397356054770376709
1171445695
715844061190598656
1312513793331617793
3068796199
1465161186459013120
3558151465
862551721666465792
1196953104370978816
2257232102
739810825
1238423282430259203
782120996966772736
883688977
1493701844069416961
1213655548685500417
1233603565500780546
2827210093
57519161
1273749681151991808
1446057825533251592
2272140721
43477325
1252815759157297152
1252341805988773890
729928635956666368
1199561149106155525
2423215579
416168732
963915460117897216
1105659718528262144
1048420528254377985
1269845016840507392
1322444164450066432
23236281
1487290659065131008
1320735295835258882
562844436
1038235795
2873585173
773817960075067393
1966251487
1428856011784212485
1131017129283600384
537191028
1427871985644703745
809943631997960192
1341481000648409089
1717223497
1305058906683531264
1410072275559149570
808765572120907776
253949107
19224970
58439541
753901358642712576
469378445
1163352010910908416
1266521131030204416
1280515925352079361
631646044
25978296
2551191548
3923322012
1852566217
2913162242
1663547912
831378524355178496
1494930617813049349
958605740033196033
1311241496931102720
737548704282857472
1302778723
1495334173459943425
865814306121596929
1194893949497827328
377062573
2546979631
740175147324170240
4322326454
526163867
95842954
1411970562717454336
15833949
1244099925912117248
981692467
23572940
1042976062454415361
1124569124284186624
1454966146126389248
700766214981746688
1211240155421368322
856421651604324352
3711591914
1341233976434782210
1506914451412291585
39408824
1118336716425719811
1478553435746144256
467207917
976647463703490560
1344512116879892481
1461453303917645824
1409315421035974656
545906177
1181033997742170112
1352044068528766976
1745243761
420014583
351098495
1403890264893050882
163786366
635727819
340716475
201086371
32655519
333988693
702603242065129472
1219225250736394240
1216544762
420176985
2262542771
1341343152
63595490
2214010482
1058644316409610240
205594238
956827484
314449394
1366512070049423363
1527339204
1367266025104756740
289737721
841884115
24619509
1449198514378969094
1493422299462402052
839604576
26970086
3698221
1433050444901670917
